  -1.4604238e-01
   1.0041666e+00
  -4.9597453e-01
   1.0814541e+00
   3.8907677e-01
   2.2569596e+00
   1.5746575e+00
   6.4167497e-01
   7.8642938e-01
   1.5048032e+00
  -7.0351693e-01
   9.5212815e-01
  -1.3934916e+00
   2.1210790e+00
  -1.5232125e+00
  -3.7789003e-01
  -7.4982387e-02
  -1.8201708e-01
   1.9511551e+00
   2.6203432e+00
   8.3504210e-01
  -3.6482084e-01
  -1.4929659e+00
   3.1122893e+00
  -3.0136985e-01
   5.3770283e-01
   5.1300159e-01
   1.3239605e+00
   1.3220895e+00
   1.1593889e+00
   4.2880326e-01
   1.6522176e-01
   8.1128396e-01
   9.2525446e-01
   3.8017194e-01
   6.0849480e-01
  -1.7314841e-01
   1.1386926e+00
   1.4246502e-01
   8.4941685e-01
  -3.4463448e-01
   1.6975277e-01
   2.3480503e-02
   1.0181756e+00
  -1.3070284e+00
   1.5579779e+00
  -1.2345394e+00
   7.2983098e-01
   2.3754594e-01
   1.2117986e+00
   1.1089423e+00
   5.4469304e-01
   5.5056990e-01
   1.4703141e+00
  -4.4655237e-01
  -1.4020378e-01
  -8.7807882e-01
   1.2714563e+00
   3.3240583e-01
   1.4088753e+00
  -1.5487770e+00
  -9.4340769e-01
  -2.1136749e-01
   3.1121863e-01
   5.2130524e-01
   1.1567761e+00
   3.7615246e-01
  -8.3494803e-01
   6.9266481e-01
   9.8917989e-01
  -7.7655767e-02
   1.2202875e+00
   1.2755919e+00
   1.7658666e+00
  -1.0018562e+00
   1.9740641e+00
  -9.5642858e-01
   2.6598981e-02
  -1.3051853e+00
   1.7289349e+00
  -1.1056963e+00
   1.7107744e+00
   2.2176589e+00
   2.3488121e-02
  -6.6769197e-01
   2.2154432e+00
   1.4997340e+00
   1.3197746e+00
   3.0102927e-01
   1.3564963e+00
  -1.2464215e+00
   1.3482154e+00
  -1.8308037e+00
   3.3854546e+00
  -5.8335660e-01
   8.9507572e-01
  -1.1870218e-01
  -2.5429980e-01
  -1.1384288e+00
   7.8908569e-01
   5.9239786e-02
  -2.1851829e-01
  -2.1575177e+00
   7.4028085e-01
   1.5601679e-01
  -8.8536013e-02
  -2.1774611e+00
   2.0183404e+00
  -7.8202493e-01
   2.1745963e+00
  -1.7334447e+00
   1.3040816e+00
   6.2984640e-01
   1.2571485e+00
  -3.2472936e-02
  -1.2253233e+00
   1.2126186e+00
  -8.3722075e-01
   2.1257144e+00
  -5.8794319e-01
   1.4424750e+00
  -6.3178661e-01
   4.8223255e-01
   1.6583532e+00
   2.1148750e-01
   9.7295405e-01
  -1.8404090e-01
   1.3186521e+00
  -1.3536766e-01
   9.0372434e-01
   1.7762595e-01
   3.2193995e-01
  -3.9886138e-01
   1.5537111e+00
   2.9065790e-01
   8.8590580e-01
  -7.3343371e-01
   1.0525890e+00
  -6.8204404e-01
   1.4130764e+00
   2.1996553e-01
   2.6613350e+00
  -3.3189728e-02
   1.9941459e+00
   2.8050802e+00
   1.9142313e+00
  -2.3682696e-02
  -4.1000229e-01
   7.1481352e-01
   1.8372904e+00
  -8.4400384e-01
  -1.0393919e+00
  -5.8335496e-01
  -2.0978165e+00
   5.2730437e-01
   7.3969962e-01
  -8.9624607e-01
   2.7216946e+00
   1.9072513e+00
  -1.0216252e-01
  -1.5710637e-01
   1.0716821e+00
   4.0696745e-01
  -7.6341788e-01
   3.4704401e-01
  -6.9682751e-02
   1.9342420e+00
   1.3921182e+00
   1.6207568e+00
   2.0243024e-01
   1.7452019e+00
  -2.7306055e-01
  -6.3808468e-01
   5.5065616e-01
   7.0058144e-01
   5.5227355e-02
  -4.8789684e-02
  -6.2535630e-01
  -1.5411606e+00
   6.4059839e-01
  -8.6729271e-02
   1.7267089e+00
   6.8349598e-01
   2.9278370e+00
  -7.5685251e-01
   9.9117220e-02
  -1.5103581e-01
   1.6689484e+00
   1.2100938e+00
   3.0948575e-01
   6.0787252e-01
   1.5090066e+00
   1.0250770e+00
  -7.2284326e-01
   1.2198407e+00
   1.9088300e+00
   1.0784821e+00
   3.5156827e-01
   8.0025743e-01
   1.3138796e+00
   5.1268880e-01
   8.3816945e-01
  -7.7587865e-01
   3.5652942e-01
  -9.6632533e-01
   5.8242312e-01
   2.2105481e+00
   3.2305593e-01
   5.0841476e-01
  -1.4422411e+00
  -4.0596886e-01
   6.8977925e-01
  -5.9422504e-01
   1.9737648e+00
   5.8210418e-01
   1.9257719e+00
   1.7612508e+00
   9.1599538e-01
   1.2447924e-01
   3.2310717e-02
   1.2477902e+00
   3.6277400e+00
   8.3227638e-01
   1.6294723e+00
  -6.7780791e-01
   3.6709011e-01
  -6.0274038e-01
   2.4552847e+00
   1.0069574e+00
   1.0692027e+00
   2.5896352e-01
  -4.8352762e-01
  -6.9148353e-01
   1.7496586e+00
   2.4866377e+00
   4.4890587e-01
   8.4806686e-01
   3.9074085e+00
  -4.6142565e-01
  -7.8564511e-01
  -1.1819614e-01
  -7.4863603e-01
   6.4902002e-01
   3.1836493e+00
   1.4370256e-01
   6.0769373e-01
  -4.5932091e-01
   1.3125725e+00
   4.9388710e-01
   1.5048283e+00
  -1.2137504e+00
   2.0022643e+00
   3.2338836e-01
  -1.6464766e-01
  -9.2880133e-01
  -3.3205082e-01
  -2.4232423e-01
   1.8909028e+00
  -2.2592741e+00
   5.8136428e-02
  -8.9713452e-01
   2.1266937e+00
   1.0066540e+00
   6.8064684e-01
   2.0422737e-01
   1.5691126e+00
  -1.3256639e+00
  -1.5468451e+00
   5.2988871e-01
  -5.2857665e-02
  -2.2345208e-01
   9.0239739e-01
   1.7217517e+00
   5.3749592e-01
  -5.8741157e-02
   1.9468661e+00
  -2.8209011e-02
  -3.1907416e-01
   1.4275562e+00
   8.8657402e-01
  -1.1949590e+00
   1.0654441e+00
  -9.4830394e-01
   1.2006277e+00
   5.1509786e-01
   1.5779357e+00
  -5.4507712e-01
   2.3796915e-01
  -7.7748724e-01
   2.3675219e+00
  -2.8486934e-01
   1.3623109e+00
   6.6275550e-01
   2.8516441e+00
  -1.6863140e-01
   7.2840909e-01
  -1.9228488e+00
   1.1056197e+00
  -8.2567620e-01
   2.8657892e+00
  -8.3864116e-02
   2.3987542e+00
   2.5117590e-01
   1.7667397e+00
  -4.8367894e-01
   2.6614821e+00
  -2.9580549e-01
   7.4037277e-01
  -2.3196855e+00
   7.9177453e-01
  -1.3561879e+00
   3.3988725e+00
  -1.3594173e+00
   3.3794417e+00
   1.0966402e+00
  -1.6881653e-01
   1.0703223e+00
   7.9837075e-01
   1.3662051e+00
   1.9667052e+00
   4.0745537e-01
   7.7172081e-01
  -6.9486193e-01
   2.3879792e+00
  -1.4320988e+00
   7.1989806e-01
  -1.4127255e+00
   5.2081823e-01
  -9.0359505e-01
   1.0250214e+00
   7.8704472e-01
   1.3782095e+00
  -1.6394849e+00
   2.3024179e-01
  -5.4175663e-01
   3.1161831e+00
  -1.5328712e+00
  -1.3598322e-01
   1.3974246e+00
   2.1613825e+00
  -3.7496673e-01
   3.2914497e-01
   5.6625960e-01
   4.6357959e-01
  -1.5906179e+00
  -1.7855913e+00
  -1.2829371e+00
   5.5072439e-02
   2.7976465e-01
   1.1685079e+00
   2.8028407e-01
   2.6166923e-01
   5.6077461e-01
  -1.8459586e-01
   9.7268602e-01
   1.8799970e+00
   1.3393895e+00
   1.1003205e+00
   1.0567094e-01
   8.2351365e-02
  -3.2941540e-01
   1.1353197e+00
   7.2298854e-01
   1.5143669e+00
  -4.4673949e-01
  -5.4536677e-01
   1.1052597e+00
  -7.7348372e-01
   8.0867366e-02
   4.9278694e-01
  -3.0695109e-01
   2.4148129e-01
  -6.6406813e-01
  -8.9324134e-01
   4.1542241e-01
   1.6099264e+00
  -2.8247587e-01
   9.5649579e-03
  -5.2406929e-01
   7.3206671e-01
  -1.2392383e+00
   2.2390650e+00
   1.9714257e-01
   4.0088585e-01
  -1.6228940e+00
   7.6097928e-01
   2.8203887e-01
   3.0852884e+00
   1.0973470e+00
   2.1779796e+00
   1.2413219e+00
  -1.2310396e-02
   6.5384923e-01
   2.2803815e-01
  -1.3625496e-01
   2.7605474e+00
   1.6252510e+00
   1.8881011e+00
  -1.2635478e+00
   2.1357268e-01
